# Exported from NWmax 0.7 at 12/12/2004 03:51:20
# mdl file
#
#NWmax MODEL ASCII
# model: nex01_b01_05
filedependancy Unknown
newmodel nex01_b01_05
setsupermodel nex01_b01_05 NULL
classification Tile
#NWmax GEOM  ASCII
beginmodelgeom nex01_b01_05
node dummy nex01_b01_05
  parent NULL
endnode
#Tile trimesh node
node trimesh Beams_A10
  parent nex01_b01_05
  position 1.34 -3.23 1.6
  orientation  0.0 0.0 0.0  0.0
  wirecolor 0.894118 0.647059 0.839216 
  tilefade 0
  scale 1.0
  render 1
  Shadow 0
  beaming 0
  inheritcolor 0
  selfillumcolor 0.0 0.0 0.0 
  rotatetexture 0
  alpha 1.0
  transparencyhint 0
  center 0.4331 0.159951 0.0524979 
  ambient 1.0 1.0 1.0 
  diffuse 1.0 1.0 1.0 
  specular 0.0 0.0 0.0 
  shininess 13.0
  selfillumcolor 0.0 0.0 0.0 
  bitmap nex_ship001a
  verts 28
    0.0446757 -0.318571 1.59987
    0.202197 -0.253324 1.59987
    0.149584 -0.126304 1.59987
    -0.00793733 -0.191552 1.59987
    0.0398385 0.138646 -0.617848
    0.0165993 0.19475 -1.59882
    -0.036014 0.32177 -1.59882
    0.0924518 0.0116261 -0.617848
    -0.140922 0.129503 -1.59882
    -0.117683 0.0733982 -0.617848
    -0.193535 0.256522 -1.59882
    -0.0650699 -0.0536213 -0.617848
    -0.193535 0.256522 -1.59882
    0.0398385 0.138646 -0.617848
    -0.036014 0.32177 -1.59882
    -0.117683 0.0733982 -0.617848
    0.0940998 0.00764724 0.362512
    0.146713 -0.119372 0.362512
    -0.0634218 -0.0576004 0.362512
    -0.0108084 -0.18462 0.362512
    0.0940998 0.00764724 0.362512
    -0.0634218 -0.0576004 0.362512
    0.149584 -0.126304 1.59987
    0.202197 -0.253324 1.59987
    -0.00793733 -0.191552 1.59987
    0.0446757 -0.318571 1.59987
    0.149584 -0.126304 1.59987
    -0.00793733 -0.191552 1.59987
  faces 20
    2 0 1  1  28 29 1  1
    2 3 0  1  2 3 0  1
    6 4 5  3  6 30 31  1
    5 4 7  3  5 32 33  1
    10 8 9  3  10 34 35  1
    8 11 9  3  8 36 37  1
    14 12 13  4  14 38 39  1
    12 15 13  4  12 40 41  1
    4 16 7  2  4 42 43  1
    7 16 17  2  7 44 45  1
    9 11 18  2  9 46 47  1
    11 19 18  2  11 48 49  1
    13 15 20  4  13 50 51  1
    15 21 20  4  15 52 53  1
    16 22 17  2  16 54 55  1
    17 22 23  2  17 22 23  1
    18 19 24  2  18 56 57  1
    19 25 24  2  19 25 24  1
    20 21 26  4  20 58 59  1
    21 27 26  4  21 27 26  1
  tverts 60
    0.433398 0.599599 0
    0.566602 0.599599 0
    0.566602 0.703103 0
    0.433399 0.703103 0
    0.98913 0.455987 0
    1.74032 0.296898 0
    1.76902 0.400402 0
    0.960426 0.352483 0
    1.74032 0.703102 0
    0.989131 0.544013 0
    1.76902 0.599598 0
    0.960426 0.647517 0
    1.76902 0.566601 0
    0.98913 0.433398 0
    1.76902 0.433398 0
    0.989131 0.566601 0
    0.221477 0.55392 0
    0.192773 0.450417 0
    0.221477 0.44608 0
    0.192773 0.549583 0
    0.221477 0.433398 0
    0.221477 0.566602 0
    -0.74032 0.703103 0
    -0.76902 0.599599 0
    -0.74032 0.296897 0
    -0.76902 0.400401 0
    -0.74032 0.433398 0
    -0.74032 0.566601 0
    0.566602 0.703103 0
    0.433398 0.599599 0
    0.98913 0.455987 0
    1.74032 0.296898 0
    0.98913 0.455987 0
    0.960426 0.352483 0
    1.74032 0.703102 0
    0.989131 0.544013 0
    0.960426 0.647517 0
    0.989131 0.544013 0
    1.76902 0.566601 0
    0.98913 0.433398 0
    0.989131 0.566601 0
    0.98913 0.433398 0
    0.221477 0.55392 0
    0.960426 0.352483 0
    0.221477 0.55392 0
    0.192773 0.450417 0
    0.960426 0.647517 0
    0.221477 0.44608 0
    0.192773 0.549583 0
    0.221477 0.44608 0
    0.989131 0.566601 0
    0.221477 0.433398 0
    0.221477 0.566602 0
    0.221477 0.433398 0
    -0.74032 0.703103 0
    0.192773 0.450417 0
    0.192773 0.549583 0
    -0.74032 0.296897 0
    0.221477 0.566602 0
    -0.74032 0.433398 0
endnode
#Tile trimesh node
node trimesh Beams_A11
  parent nex01_b01_05
  position 3.23 1.34 1.6
  orientation  0.0 0.0 0.0  0.0
  wirecolor 0.894118 0.647059 0.839216 
  tilefade 0
  scale 1.0
  render 1
  Shadow 0
  beaming 0
  inheritcolor 0
  selfillumcolor 0.0 0.0 0.0 
  rotatetexture 0
  alpha 1.0
  transparencyhint 0
  center 0.419351 0.19305 -0.0519943 
  ambient 1.0 1.0 1.0 
  diffuse 1.0 1.0 1.0 
  specular 0.0 0.0 0.0 
  shininess 13.0
  selfillumcolor 0.0 0.0 0.0 
  bitmap nex_ship001a
  verts 28
    0.259116 0.199797 1.59882
    0.324364 0.0422759 1.59882
    0.197345 -0.0103373 1.59882
    0.132097 0.147184 1.59882
    -0.0676055 -0.120084 -0.618896
    -0.12371 -0.143323 -1.59986
    -0.25073 -0.195936 -1.59986
    0.0594142 -0.0674703 -0.618896
    -0.188958 0.0141985 -1.59986
    -0.132853 0.0374378 -0.618896
    -0.315977 -0.0384147 -1.59986
    -0.00583367 0.0900513 -0.618896
    -0.315977 -0.0384147 -1.59986
    -0.0676055 -0.120084 -0.618896
    -0.25073 -0.195936 -1.59986
    -0.132853 0.0374378 -0.618896
    0.063393 -0.0658221 0.361464
    0.190412 -0.0132089 0.361464
    -0.00185452 0.0916995 0.361464
    0.125165 0.144313 0.361464
    0.063393 -0.0658221 0.361464
    -0.00185452 0.0916995 0.361464
    0.197345 -0.0103373 1.59882
    0.324364 0.0422759 1.59882
    0.132097 0.147184 1.59882
    0.259116 0.199797 1.59882
    0.197345 -0.0103373 1.59882
    0.132097 0.147184 1.59882
  faces 20
    0 2 1  1  28 29 1  1
    3 2 0  1  3 2 0  1
    4 6 5  3  30 6 31  1
    4 5 7  3  32 5 33  1
    8 10 9  3  34 10 35  1
    11 8 9  3  36 8 37  1
    12 14 13  4  38 14 39  1
    15 12 13  4  40 12 41  1
    16 4 7  2  42 4 43  1
    16 7 17  2  44 7 45  1
    11 9 18  2  46 9 47  1
    19 11 18  2  48 11 49  1
    15 13 20  4  50 13 51  1
    21 15 20  4  52 15 53  1
    22 16 17  2  54 16 55  1
    22 17 23  2  22 17 23  1
    19 18 24  2  56 18 57  1
    25 19 24  2  25 19 24  1
    21 20 26  4  58 20 59  1
    27 21 26  4  27 21 26  1
  tverts 60
    0.566602 0.599598 0
    0.433399 0.599598 0
    0.433399 0.703102 0
    0.566602 0.703102 0
    0.01087 0.455986 0
    -0.74032 0.296897 0
    -0.76902 0.400401 0
    0.039574 0.352482 0
    -0.74032 0.703103 0
    0.01087 0.544014 0
    -0.76902 0.599599 0
    0.039574 0.647517 0
    -0.76902 0.566602 0
    0.01087 0.433399 0
    -0.76902 0.433399 0
    0.01087 0.566602 0
    0.778524 0.553919 0
    0.807228 0.450416 0
    0.778524 0.446081 0
    0.807228 0.549584 0
    0.778524 0.433399 0
    0.778524 0.566602 0
    1.74032 0.703102 0
    1.76902 0.599598 0
    1.74032 0.296898 0
    1.76902 0.400402 0
    1.74032 0.433399 0
    1.74032 0.566602 0
    0.566602 0.599598 0
    0.433399 0.703102 0
    0.01087 0.455986 0
    -0.74032 0.296897 0
    0.01087 0.455986 0
    0.039574 0.352482 0
    -0.74032 0.703103 0
    0.01087 0.544014 0
    0.039574 0.647517 0
    0.01087 0.544014 0
    -0.76902 0.566602 0
    0.01087 0.433399 0
    0.01087 0.566602 0
    0.01087 0.433399 0
    0.778524 0.553919 0
    0.039574 0.352482 0
    0.778524 0.553919 0
    0.807228 0.450416 0
    0.039574 0.647517 0
    0.778524 0.446081 0
    0.807228 0.549584 0
    0.778524 0.446081 0
    0.01087 0.566602 0
    0.778524 0.433399 0
    0.778524 0.566602 0
    0.778524 0.433399 0
    1.74032 0.703102 0
    0.807228 0.450416 0
    0.807228 0.549584 0
    1.74032 0.296898 0
    0.778524 0.566602 0
    1.74032 0.433399 0
endnode
#Tile trimesh node
node trimesh Beams_A01
  parent nex01_b01_05
  position -3.5 0.0 1.6
  orientation  0.0 0.0 0.0  0.0
  wirecolor 0.894118 0.647059 0.839216 
  tilefade 0
  scale 1.0
  render 1
  Shadow 0
  beaming 0
  inheritcolor 0
  selfillumcolor 0.0 0.0 0.0 
  rotatetexture 0
  alpha 1.0
  transparencyhint 0
  center -0.112149 -1.00136e-005 0.0524979 
  ambient 1.0 1.0 1.0 
  diffuse 1.0 1.0 1.0 
  specular 0.0 0.0 0.0 
  shininess 13.0
  selfillumcolor 0.0 0.0 0.0 
  bitmap nex_ship001a
  verts 28
    -0.31236 0.0852502 1.59987
    -0.31236 -0.08525 1.59987
    -0.174875 -0.08525 1.59987
    -0.174875 0.08525 1.59987
    0.111905 -0.0852503 -0.617848
    0.172632 -0.0852504 -1.59882
    0.310117 -0.0852503 -1.59882
    -0.0255803 -0.0852503 -0.617848
    0.172632 0.0852496 -1.59882
    0.111905 0.0852496 -0.617848
    0.310117 0.0852498 -1.59882
    -0.0255801 0.08525 -0.617848
    0.310117 0.0852498 -1.59882
    0.111905 -0.0852503 -0.617848
    0.310117 -0.0852503 -1.59882
    0.111905 0.0852496 -0.617848
    -0.0298869 -0.0852502 0.362512
    -0.167372 -0.0852501 0.362512
    -0.029887 0.08525 0.362512
    -0.167372 0.0852498 0.362512
    -0.0298869 -0.0852502 0.362512
    -0.029887 0.08525 0.362512
    -0.174875 -0.08525 1.59987
    -0.31236 -0.08525 1.59987
    -0.174875 0.08525 1.59987
    -0.31236 0.0852502 1.59987
    -0.174875 -0.08525 1.59987
    -0.174875 0.08525 1.59987
  faces 20
    2 0 1  1  28 29 1  1
    2 3 0  1  2 3 0  1
    6 4 5  3  6 30 31  1
    5 4 7  3  5 32 33  1
    10 8 9  3  10 34 35  1
    8 11 9  3  8 36 37  1
    14 12 13  4  14 38 39  1
    12 15 13  4  12 40 41  1
    4 16 7  2  4 42 43  1
    7 16 17  2  7 44 45  1
    9 11 18  2  9 46 47  1
    11 19 18  2  11 48 49  1
    13 15 20  4  13 50 51  1
    15 21 20  4  15 52 53  1
    16 22 17  2  16 54 55  1
    17 22 23  2  17 22 23  1
    18 19 24  2  18 56 57  1
    19 25 24  2  19 25 24  1
    20 21 26  4  20 58 59  1
    21 27 26  4  21 27 26  1
  tverts 60
    0.433398 0.599599 0
    0.566602 0.599599 0
    0.566602 0.703102 0
    0.433399 0.703103 0
    0.98913 0.455987 0
    1.74032 0.296898 0
    1.76902 0.400402 0
    0.960426 0.352483 0
    1.74032 0.703102 0
    0.989131 0.544013 0
    1.76902 0.599598 0
    0.960426 0.647517 0
    1.76902 0.566601 0
    0.98913 0.433398 0
    1.76902 0.433398 0
    0.989131 0.566601 0
    0.221477 0.55392 0
    0.192773 0.450417 0
    0.221477 0.44608 0
    0.192773 0.549583 0
    0.221477 0.433398 0
    0.221477 0.566602 0
    -0.74032 0.703102 0
    -0.76902 0.599599 0
    -0.74032 0.296897 0
    -0.76902 0.400401 0
    -0.74032 0.433398 0
    -0.74032 0.566601 0
    0.566602 0.703102 0
    0.433398 0.599599 0
    0.98913 0.455987 0
    1.74032 0.296898 0
    0.98913 0.455987 0
    0.960426 0.352483 0
    1.74032 0.703102 0
    0.989131 0.544013 0
    0.960426 0.647517 0
    0.989131 0.544013 0
    1.76902 0.566601 0
    0.98913 0.433398 0
    0.989131 0.566601 0
    0.98913 0.433398 0
    0.221477 0.55392 0
    0.960426 0.352483 0
    0.221477 0.55392 0
    0.192773 0.450417 0
    0.960426 0.647517 0
    0.221477 0.44608 0
    0.192773 0.549583 0
    0.221477 0.44608 0
    0.989131 0.566601 0
    0.221477 0.433398 0
    0.221477 0.566602 0
    0.221477 0.433398 0
    -0.74032 0.703102 0
    0.192773 0.450417 0
    0.192773 0.549583 0
    -0.74032 0.296897 0
    0.221477 0.566602 0
    -0.74032 0.433398 0
endnode
#Tile trimesh node
node trimesh Beams_A02
  parent nex01_b01_05
  position 3.5 0.0 1.6
  orientation  0.0 0.0 0.0  0.0
  wirecolor 0.894118 0.647059 0.839216 
  tilefade 0
  scale 1.0
  render 1
  Shadow 0
  beaming 0
  inheritcolor 0
  selfillumcolor 0.0 0.0 0.0 
  rotatetexture 0
  alpha 1.0
  transparencyhint 0
  center 0.112051 3.00407e-005 -0.0524979 
  ambient 1.0 1.0 1.0 
  diffuse 1.0 1.0 1.0 
  specular 0.0 0.0 0.0 
  shininess 13.0
  selfillumcolor 0.0 0.0 0.0 
  bitmap nex_ship001a
  verts 28
    0.312359 0.0852506 1.59882
    0.312359 -0.0852497 1.59882
    0.174874 -0.0852496 1.59882
    0.174874 0.0852504 1.59882
    -0.111906 -0.0852499 -0.618896
    -0.172633 -0.08525 -1.59987
    -0.310118 -0.08525 -1.59987
    0.025579 -0.0852499 -0.618896
    -0.172633 0.08525 -1.59987
    -0.111906 0.08525 -0.618896
    -0.310118 0.0852501 -1.59987
    0.0255788 0.0852503 -0.618896
    -0.310118 0.0852501 -1.59987
    -0.111906 -0.0852499 -0.618896
    -0.310118 -0.08525 -1.59987
    -0.111906 0.08525 -0.618896
    0.0298857 -0.0852498 0.361464
    0.16737 -0.0852498 0.361464
    0.0298858 0.0852503 0.361464
    0.167371 0.0852502 0.361464
    0.0298857 -0.0852498 0.361464
    0.0298858 0.0852503 0.361464
    0.174874 -0.0852496 1.59882
    0.312359 -0.0852497 1.59882
    0.174874 0.0852504 1.59882
    0.312359 0.0852506 1.59882
    0.174874 -0.0852496 1.59882
    0.174874 0.0852504 1.59882
  faces 20
    0 2 1  1  28 29 1  1
    3 2 0  1  3 2 0  1
    4 6 5  3  30 6 31  1
    4 5 7  3  32 5 33  1
    8 10 9  3  34 10 35  1
    11 8 9  3  36 8 37  1
    12 14 13  4  38 14 39  1
    15 12 13  4  40 12 41  1
    16 4 7  2  42 4 43  1
    16 7 17  2  44 7 45  1
    11 9 18  2  46 9 47  1
    19 11 18  2  48 11 49  1
    15 13 20  4  50 13 51  1
    21 15 20  4  52 15 53  1
    22 16 17  2  54 16 55  1
    22 17 23  2  22 17 23  1
    19 18 24  2  56 18 57  1
    25 19 24  2  25 19 24  1
    21 20 26  4  58 20 59  1
    27 21 26  4  27 21 26  1
  tverts 60
    0.566602 0.599598 0
    0.433399 0.599598 0
    0.433399 0.703102 0
    0.566602 0.703102 0
    0.01087 0.455986 0
    -0.74032 0.296897 0
    -0.76902 0.400401 0
    0.039574 0.352482 0
    -0.74032 0.703103 0
    0.01087 0.544014 0
    -0.76902 0.599599 0
    0.039574 0.647518 0
    -0.76902 0.566602 0
    0.01087 0.433399 0
    -0.76902 0.433399 0
    0.01087 0.566602 0
    0.778524 0.553919 0
    0.807228 0.450416 0
    0.778524 0.446081 0
    0.807228 0.549584 0
    0.778524 0.433399 0
    0.778524 0.566602 0
    1.74032 0.703102 0
    1.76902 0.599598 0
    1.74032 0.296898 0
    1.76902 0.400402 0
    1.74032 0.433399 0
    1.74032 0.566602 0
    0.566602 0.599598 0
    0.433399 0.703102 0
    0.01087 0.455986 0
    -0.74032 0.296897 0
    0.01087 0.455986 0
    0.039574 0.352482 0
    -0.74032 0.703103 0
    0.01087 0.544014 0
    0.039574 0.647518 0
    0.01087 0.544014 0
    -0.76902 0.566602 0
    0.01087 0.433399 0
    0.01087 0.566602 0
    0.01087 0.433399 0
    0.778524 0.553919 0
    0.039574 0.352482 0
    0.778524 0.553919 0
    0.807228 0.450416 0
    0.039574 0.647518 0
    0.778524 0.446081 0
    0.807228 0.549584 0
    0.778524 0.446081 0
    0.01087 0.566602 0
    0.778524 0.433399 0
    0.778524 0.566602 0
    0.778524 0.433399 0
    1.74032 0.703102 0
    0.807228 0.450416 0
    0.807228 0.549584 0
    1.74032 0.296898 0
    0.778524 0.566602 0
    1.74032 0.433399 0
endnode
#Tile trimesh node
node trimesh Beams_A03
  parent nex01_b01_05
  position 0.0 3.5 1.6
  orientation  0.0 0.0 0.0  0.0
  wirecolor 0.894118 0.647059 0.839216 
  tilefade 0
  scale 1.0
  render 1
  Shadow 0
  beaming 0
  inheritcolor 0
  selfillumcolor 0.0 0.0 0.0 
  rotatetexture 0
  alpha 1.0
  transparencyhint 0
  center 0.11202 0.0 -0.0524979 
  ambient 1.0 1.0 1.0 
  diffuse 1.0 1.0 1.0 
  specular 0.0 0.0 0.0 
  shininess 13.0
  selfillumcolor 0.0 0.0 0.0 
  bitmap nex_ship001a
  verts 28
    -0.0841303 0.311238 1.59882
    0.0863699 0.311239 1.59882
    0.08637 0.173753 1.59882
    -0.08413 0.173753 1.59882
    0.0863705 -0.113027 -0.618896
    0.0863706 -0.173754 -1.59987
    0.0863707 -0.311239 -1.59987
    0.0863704 0.0244585 -0.618896
    -0.0841294 -0.173754 -1.59987
    -0.0841294 -0.113027 -0.618896
    -0.0841294 -0.311239 -1.59987
    -0.0841299 0.0244582 -0.618896
    -0.0841294 -0.311239 -1.59987
    0.0863705 -0.113027 -0.618896
    0.0863707 -0.311239 -1.59987
    -0.0841294 -0.113027 -0.618896
    0.0863703 0.0287652 0.361464
    0.0863701 0.16625 0.361464
    -0.0841299 0.0287652 0.361464
    -0.0841298 0.16625 0.361464
    0.0863703 0.0287652 0.361464
    -0.0841299 0.0287652 0.361464
    0.08637 0.173753 1.59882
    0.0863699 0.311239 1.59882
    -0.08413 0.173753 1.59882
    -0.0841303 0.311238 1.59882
    0.08637 0.173753 1.59882
    -0.08413 0.173753 1.59882
  faces 20
    0 2 1  1  28 29 1  1
    3 2 0  1  3 2 0  1
    4 6 5  3  30 6 31  1
    4 5 7  3  32 5 33  1
    8 10 9  3  34 10 35  1
    11 8 9  3  36 8 37  1
    12 14 13  4  38 14 39  1
    15 12 13  4  40 12 41  1
    16 4 7  2  42 4 43  1
    16 7 17  2  44 7 45  1
    11 9 18  2  46 9 47  1
    19 11 18  2  48 11 49  1
    15 13 20  4  50 13 51  1
    21 15 20  4  52 15 53  1
    22 16 17  2  54 16 55  1
    22 17 23  2  22 17 23  1
    19 18 24  2  56 18 57  1
    25 19 24  2  25 19 24  1
    21 20 26  4  58 20 59  1
    27 21 26  4  27 21 26  1
  tverts 60
    0.566602 0.599598 0
    0.433399 0.599598 0
    0.433399 0.703102 0
    0.566602 0.703102 0
    0.01087 0.455986 0
    -0.74032 0.296897 0
    -0.76902 0.400401 0
    0.039574 0.352482 0
    -0.74032 0.703103 0
    0.01087 0.544014 0
    -0.76902 0.599599 0
    0.039574 0.647518 0
    -0.76902 0.566602 0
    0.01087 0.433399 0
    -0.76902 0.433398 0
    0.01087 0.566602 0
    0.778524 0.553919 0
    0.807228 0.450416 0
    0.778524 0.44608 0
    0.807228 0.549584 0
    0.778524 0.433399 0
    0.778524 0.566602 0
    1.74032 0.703102 0
    1.76902 0.599598 0
    1.74032 0.296898 0
    1.76902 0.400402 0
    1.74032 0.433399 0
    1.74032 0.566602 0
    0.566602 0.599598 0
    0.433399 0.703102 0
    0.01087 0.455986 0
    -0.74032 0.296897 0
    0.01087 0.455986 0
    0.039574 0.352482 0
    -0.74032 0.703103 0
    0.01087 0.544014 0
    0.039574 0.647518 0
    0.01087 0.544014 0
    -0.76902 0.566602 0
    0.01087 0.433399 0
    0.01087 0.566602 0
    0.01087 0.433399 0
    0.778524 0.553919 0
    0.039574 0.352482 0
    0.778524 0.553919 0
    0.807228 0.450416 0
    0.039574 0.647518 0
    0.778524 0.44608 0
    0.807228 0.549584 0
    0.778524 0.44608 0
    0.01087 0.566602 0
    0.778524 0.433399 0
    0.778524 0.566602 0
    0.778524 0.433399 0
    1.74032 0.703102 0
    0.807228 0.450416 0
    0.807228 0.549584 0
    1.74032 0.296898 0
    0.778524 0.566602 0
    1.74032 0.433399 0
endnode
#Tile trimesh node
node trimesh Beams_A04
  parent nex01_b01_05
  position 0.0 -3.5 1.6
  orientation  0.0 0.0 0.0  0.0
  wirecolor 0.894118 0.647059 0.839216 
  tilefade 0
  scale 1.0
  render 1
  Shadow 0
  beaming 0
  inheritcolor 0
  selfillumcolor 0.0 0.0 0.0 
  rotatetexture 0
  alpha 1.0
  transparencyhint 0
  center 0.11208 -5.14984e-005 0.0524979 
  ambient 1.0 1.0 1.0 
  diffuse 1.0 1.0 1.0 
  specular 0.0 0.0 0.0 
  shininess 13.0
  selfillumcolor 0.0 0.0 0.0 
  bitmap nex_ship001a
  verts 28
    -0.0841295 -0.311239 1.59987
    0.0863708 -0.311239 1.59987
    0.0863707 -0.173754 1.59987
    -0.0841293 -0.173754 1.59987
    0.086371 0.113026 -0.617848
    0.0863711 0.173753 -1.59882
    0.0863711 0.311238 -1.59882
    0.086371 -0.0244594 -0.617848
    -0.0841289 0.173753 -1.59882
    -0.0841289 0.113026 -0.617848
    -0.0841291 0.311238 -1.59882
    -0.0841292 -0.0244592 -0.617848
    -0.0841291 0.311238 -1.59882
    0.086371 0.113026 -0.617848
    0.0863711 0.311238 -1.59882
    -0.0841289 0.113026 -0.617848
    0.0863709 -0.0287661 0.362512
    0.0863708 -0.166251 0.362512
    -0.0841293 -0.0287662 0.362512
    -0.0841291 -0.166251 0.362512
    0.0863709 -0.0287661 0.362512
    -0.0841293 -0.0287662 0.362512
    0.0863707 -0.173754 1.59987
    0.0863708 -0.311239 1.59987
    -0.0841293 -0.173754 1.59987
    -0.0841295 -0.311239 1.59987
    0.0863707 -0.173754 1.59987
    -0.0841293 -0.173754 1.59987
  faces 20
    2 0 1  1  28 29 1  1
    2 3 0  1  2 3 0  1
    6 4 5  3  6 30 31  1
    5 4 7  3  5 32 33  1
    10 8 9  3  10 34 35  1
    8 11 9  3  8 36 37  1
    14 12 13  4  14 38 39  1
    12 15 13  4  12 40 41  1
    4 16 7  2  4 42 43  1
    7 16 17  2  7 44 45  1
    9 11 18  2  9 46 47  1
    11 19 18  2  11 48 49  1
    13 15 20  4  13 50 51  1
    15 21 20  4  15 52 53  1
    16 22 17  2  16 54 55  1
    17 22 23  2  17 22 23  1
    18 19 24  2  18 56 57  1
    19 25 24  2  19 25 24  1
    20 21 26  4  20 58 59  1
    21 27 26  4  21 27 26  1
  tverts 60
    0.433398 0.599599 0
    0.566602 0.599599 0
    0.566602 0.703102 0
    0.433399 0.703103 0
    0.98913 0.455987 0
    1.74032 0.296898 0
    1.76902 0.400402 0
    0.960426 0.352483 0
    1.74032 0.703102 0
    0.989131 0.544013 0
    1.76902 0.599598 0
    0.960426 0.647517 0
    1.76902 0.566601 0
    0.98913 0.433398 0
    1.76902 0.433398 0
    0.989131 0.566601 0
    0.221477 0.55392 0
    0.192773 0.450417 0
    0.221477 0.44608 0
    0.192773 0.549583 0
    0.221477 0.433398 0
    0.221477 0.566602 0
    -0.74032 0.703102 0
    -0.76902 0.599599 0
    -0.74032 0.296897 0
    -0.76902 0.400401 0
    -0.74032 0.433398 0
    -0.74032 0.566601 0
    0.566602 0.703102 0
    0.433398 0.599599 0
    0.98913 0.455987 0
    1.74032 0.296898 0
    0.98913 0.455987 0
    0.960426 0.352483 0
    1.74032 0.703102 0
    0.989131 0.544013 0
    0.960426 0.647517 0
    0.989131 0.544013 0
    1.76902 0.566601 0
    0.98913 0.433398 0
    0.989131 0.566601 0
    0.98913 0.433398 0
    0.221477 0.55392 0
    0.960426 0.352483 0
    0.221477 0.55392 0
    0.192773 0.450417 0
    0.960426 0.647517 0
    0.221477 0.44608 0
    0.192773 0.549583 0
    0.221477 0.44608 0
    0.989131 0.566601 0
    0.221477 0.433398 0
    0.221477 0.566602 0
    0.221477 0.433398 0
    -0.74032 0.703102 0
    0.192773 0.450417 0
    0.192773 0.549583 0
    -0.74032 0.296897 0
    0.221477 0.566602 0
    -0.74032 0.433398 0
endnode
#Tile trimesh node
node trimesh Beams_A05
  parent nex01_b01_05
  position 2.48 2.48 1.6
  orientation  0.0 0.0 0.0  0.0
  wirecolor 0.894118 0.647059 0.839216 
  tilefade 0
  scale 1.0
  render 1
  Shadow 0
  beaming 0
  inheritcolor 0
  selfillumcolor 0.0 0.0 0.0 
  rotatetexture 0
  alpha 1.0
  transparencyhint 0
  center -0.61295 0.0 -0.0524979 
  ambient 1.0 1.0 1.0 
  diffuse 1.0 1.0 1.0 
  specular 0.0 0.0 0.0 
  shininess 13.0
  selfillumcolor 0.0 0.0 0.0 
  bitmap nex_ship001a
  verts 28
    0.153668 0.28036 1.59882
    0.27423 0.159798 1.59882
    0.177014 0.0625814 1.59882
    0.0564516 0.183143 1.59882
    -0.0257703 -0.140203 -0.618897
    -0.0687109 -0.183144 -1.59987
    -0.165928 -0.28036 -1.59987
    0.0714463 -0.0429863 -0.618897
    -0.189273 -0.0625818 -1.59987
    -0.146332 -0.0196411 -0.618897
    -0.286489 -0.159798 -1.59987
    -0.0491158 0.0775756 -0.618897
    -0.286489 -0.159798 -1.59987
    -0.0257703 -0.140203 -0.618897
    -0.165928 -0.28036 -1.59987
    -0.146332 -0.0196411 -0.618897
    0.0744915 -0.0399409 0.361464
    0.171708 0.0572756 0.361464
    -0.0460703 0.0806211 0.361464
    0.0511464 0.177838 0.361464
    0.0744915 -0.0399409 0.361464
    -0.0460703 0.0806211 0.361464
    0.177014 0.0625814 1.59882
    0.27423 0.159798 1.59882
    0.0564516 0.183143 1.59882
    0.153668 0.28036 1.59882
    0.177014 0.0625814 1.59882
    0.0564516 0.183143 1.59882
  faces 20
    0 2 1  1  28 29 1  1
    3 2 0  1  3 2 0  1
    4 6 5  3  30 6 31  1
    4 5 7  3  32 5 33  1
    8 10 9  3  34 10 35  1
    11 8 9  3  36 8 37  1
    12 14 13  4  38 14 39  1
    15 12 13  4  40 12 41  1
    16 4 7  2  42 4 43  1
    16 7 17  2  44 7 45  1
    11 9 18  2  46 9 47  1
    19 11 18  2  48 11 49  1
    15 13 20  4  50 13 51  1
    21 15 20  4  52 15 53  1
    22 16 17  2  54 16 55  1
    22 17 23  2  22 17 23  1
    19 18 24  2  56 18 57  1
    25 19 24  2  25 19 24  1
    21 20 26  4  58 20 59  1
    27 21 26  4  27 21 26  1
  tverts 60
    0.566602 0.599598 0
    0.433399 0.599598 0
    0.433399 0.703102 0
    0.566602 0.703102 0
    0.01087 0.455986 0
    -0.74032 0.296897 0
    -0.76902 0.400401 0
    0.039574 0.352482 0
    -0.74032 0.703103 0
    0.010869 0.544014 0
    -0.76902 0.5996 0
    0.039574 0.647518 0
    -0.76902 0.566602 0
    0.01087 0.433399 0
    -0.76902 0.433398 0
    0.010869 0.566602 0
    0.778524 0.55392 0
    0.807228 0.450416 0
    0.778524 0.44608 0
    0.807228 0.549584 0
    0.778524 0.433399 0
    0.778524 0.566602 0
    1.74032 0.703102 0
    1.76902 0.599598 0
    1.74032 0.296898 0
    1.76902 0.400402 0
    1.74032 0.433399 0
    1.74032 0.566602 0
    0.566602 0.599598 0
    0.433399 0.703102 0
    0.01087 0.455986 0
    -0.74032 0.296897 0
    0.01087 0.455986 0
    0.039574 0.352482 0
    -0.74032 0.703103 0
    0.010869 0.544014 0
    0.039574 0.647518 0
    0.010869 0.544014 0
    -0.76902 0.566602 0
    0.01087 0.433399 0
    0.010869 0.566602 0
    0.01087 0.433399 0
    0.778524 0.55392 0
    0.039574 0.352482 0
    0.778524 0.55392 0
    0.807228 0.450416 0
    0.039574 0.647518 0
    0.778524 0.44608 0
    0.807228 0.549584 0
    0.778524 0.44608 0
    0.010869 0.566602 0
    0.778524 0.433399 0
    0.778524 0.566602 0
    0.778524 0.433399 0
    1.74032 0.703102 0
    0.807228 0.450416 0
    0.807228 0.549584 0
    1.74032 0.296898 0
    0.778524 0.566602 0
    1.74032 0.433399 0
endnode
#Tile trimesh node
node trimesh Beams_A06
  parent nex01_b01_05
  position -2.48 -2.48 1.6
  orientation  0.0 0.0 0.0  0.0
  wirecolor 0.894118 0.647059 0.839216 
  tilefade 0
  scale 1.0
  render 1
  Shadow 0
  beaming 0
  inheritcolor 0
  selfillumcolor 0.0 0.0 0.0 
  rotatetexture 0
  alpha 1.0
  transparencyhint 0
  center -0.000100136 0.6128 0.0524979 
  ambient 1.0 1.0 1.0 
  diffuse 1.0 1.0 1.0 
  specular 0.0 0.0 0.0 
  shininess 13.0
  selfillumcolor 0.0 0.0 0.0 
  bitmap nex_ship001a
  verts 28
    -0.280361 -0.15367 1.59987
    -0.159799 -0.274232 1.59987
    -0.0625823 -0.177015 1.59987
    -0.183144 -0.0564531 1.59987
    0.140202 0.0257688 -0.617848
    0.183143 0.0687094 -1.59882
    0.280359 0.165926 -1.59882
    0.0429853 -0.0714478 -0.617848
    0.062581 0.189271 -1.59882
    0.0196403 0.14633 -0.617848
    0.159797 0.286488 -1.59882
    -0.0775764 0.0491142 -0.617848
    0.159797 0.286488 -1.59882
    0.140202 0.0257688 -0.617848
    0.280359 0.165926 -1.59882
    0.0196403 0.14633 -0.617848
    0.03994 -0.074493 0.362512
    -0.0572765 -0.171709 0.362512
    -0.0806219 0.0460688 0.362512
    -0.177838 -0.0511479 0.362512
    0.03994 -0.074493 0.362512
    -0.0806219 0.0460688 0.362512
    -0.0625823 -0.177015 1.59987
    -0.159799 -0.274232 1.59987
    -0.183144 -0.0564531 1.59987
    -0.280361 -0.15367 1.59987
    -0.0625823 -0.177015 1.59987
    -0.183144 -0.0564531 1.59987
  faces 20
    2 0 1  1  28 29 1  1
    2 3 0  1  2 3 0  1
    6 4 5  3  6 30 31  1
    5 4 7  3  5 32 33  1
    10 8 9  3  10 34 35  1
    8 11 9  3  8 36 37  1
    14 12 13  4  14 38 39  1
    12 15 13  4  12 40 41  1
    4 16 7  2  4 42 43  1
    7 16 17  2  7 44 45  1
    9 11 18  2  9 46 47  1
    11 19 18  2  11 48 49  1
    13 15 20  4  13 50 51  1
    15 21 20  4  15 52 53  1
    16 22 17  2  16 54 55  1
    17 22 23  2  17 22 23  1
    18 19 24  2  18 56 57  1
    19 25 24  2  19 25 24  1
    20 21 26  4  20 58 59  1
    21 27 26  4  21 27 26  1
  tverts 60
    0.433398 0.599599 0
    0.566602 0.599599 0
    0.566602 0.703103 0
    0.433399 0.703103 0
    0.98913 0.455987 0
    1.74032 0.296898 0
    1.76902 0.400402 0
    0.960426 0.352483 0
    1.74032 0.703102 0
    0.989131 0.544013 0
    1.76902 0.599598 0
    0.960426 0.647517 0
    1.76902 0.566601 0
    0.98913 0.433398 0
    1.76902 0.433398 0
    0.989131 0.566601 0
    0.221477 0.55392 0
    0.192773 0.450417 0
    0.221477 0.44608 0
    0.192773 0.549583 0
    0.221477 0.433398 0
    0.221477 0.566602 0
    -0.74032 0.703103 0
    -0.76902 0.599599 0
    -0.74032 0.296897 0
    -0.76902 0.400401 0
    -0.74032 0.433398 0
    -0.74032 0.566601 0
    0.566602 0.703103 0
    0.433398 0.599599 0
    0.98913 0.455987 0
    1.74032 0.296898 0
    0.98913 0.455987 0
    0.960426 0.352483 0
    1.74032 0.703102 0
    0.989131 0.544013 0
    0.960426 0.647517 0
    0.989131 0.544013 0
    1.76902 0.566601 0
    0.98913 0.433398 0
    0.989131 0.566601 0
    0.98913 0.433398 0
    0.221477 0.55392 0
    0.960426 0.352483 0
    0.221477 0.55392 0
    0.192773 0.450417 0
    0.960426 0.647517 0
    0.221477 0.44608 0
    0.192773 0.549583 0
    0.221477 0.44608 0
    0.989131 0.566601 0
    0.221477 0.433398 0
    0.221477 0.566602 0
    0.221477 0.433398 0
    -0.74032 0.703103 0
    0.192773 0.450417 0
    0.192773 0.549583 0
    -0.74032 0.296897 0
    0.221477 0.566602 0
    -0.74032 0.433398 0
endnode
#Tile trimesh node
node trimesh Beams_A07
  parent nex01_b01_05
  position 2.48 -2.48 1.6
  orientation  0.0 0.0 0.0  0.0
  wirecolor 0.894118 0.647059 0.839216 
  tilefade 0
  scale 1.0
  render 1
  Shadow 0
  beaming 0
  inheritcolor 0
  selfillumcolor 0.0 0.0 0.0 
  rotatetexture 0
  alpha 1.0
  transparencyhint 0
  center 0.000100136 -0.612901 0.0524979 
  ambient 1.0 1.0 1.0 
  diffuse 1.0 1.0 1.0 
  specular 0.0 0.0 0.0 
  shininess 13.0
  selfillumcolor 0.0 0.0 0.0 
  bitmap nex_ship001a
  verts 28
    0.159799 -0.286489 1.59987
    0.280361 -0.165927 1.59987
    0.183144 -0.0687103 1.59987
    0.0625819 -0.189272 1.59987
    -0.0196402 0.134074 -0.617848
    -0.0625808 0.177015 -1.59882
    -0.159798 0.274231 -1.59882
    0.0775766 0.0368573 -0.617848
    -0.183143 0.0564529 -1.59882
    -0.140202 0.0135122 -0.617848
    -0.280359 0.153669 -1.59882
    -0.0429855 -0.0837045 -0.617848
    -0.280359 0.153669 -1.59882
    -0.0196402 0.134074 -0.617848
    -0.159798 0.274231 -1.59882
    -0.140202 0.0135122 -0.617848
    0.0806218 0.033812 0.362512
    0.177838 -0.0634045 0.362512
    -0.0399401 -0.08675 0.362512
    0.0572767 -0.183967 0.362512
    0.0806218 0.033812 0.362512
    -0.0399401 -0.08675 0.362512
    0.183144 -0.0687103 1.59987
    0.280361 -0.165927 1.59987
    0.0625819 -0.189272 1.59987
    0.159799 -0.286489 1.59987
    0.183144 -0.0687103 1.59987
    0.0625819 -0.189272 1.59987
  faces 20
    2 0 1  1  28 29 1  1
    2 3 0  1  2 3 0  1
    6 4 5  3  6 30 31  1
    5 4 7  3  5 32 33  1
    10 8 9  3  10 34 35  1
    8 11 9  3  8 36 37  1
    14 12 13  4  14 38 39  1
    12 15 13  4  12 40 41  1
    4 16 7  2  4 42 43  1
    7 16 17  2  7 44 45  1
    9 11 18  2  9 46 47  1
    11 19 18  2  11 48 49  1
    13 15 20  4  13 50 51  1
    15 21 20  4  15 52 53  1
    16 22 17  2  16 54 55  1
    17 22 23  2  17 22 23  1
    18 19 24  2  18 56 57  1
    19 25 24  2  19 25 24  1
    20 21 26  4  20 58 59  1
    21 27 26  4  21 27 26  1
  tverts 60
    0.433398 0.599599 0
    0.566602 0.599599 0
    0.566602 0.703102 0
    0.433399 0.703103 0
    0.98913 0.455987 0
    1.74032 0.296898 0
    1.76902 0.400402 0
    0.960426 0.352483 0
    1.74032 0.703102 0
    0.989131 0.544013 0
    1.76902 0.599598 0
    0.960426 0.647517 0
    1.76902 0.566602 0
    0.98913 0.433398 0
    1.76902 0.433398 0
    0.989131 0.566601 0
    0.221477 0.55392 0
    0.192773 0.450417 0
    0.221477 0.44608 0
    0.192773 0.549583 0
    0.221477 0.433398 0
    0.221477 0.566602 0
    -0.74032 0.703102 0
    -0.76902 0.599599 0
    -0.74032 0.296897 0
    -0.76902 0.400401 0
    -0.74032 0.433398 0
    -0.74032 0.566601 0
    0.566602 0.703102 0
    0.433398 0.599599 0
    0.98913 0.455987 0
    1.74032 0.296898 0
    0.98913 0.455987 0
    0.960426 0.352483 0
    1.74032 0.703102 0
    0.989131 0.544013 0
    0.960426 0.647517 0
    0.989131 0.544013 0
    1.76902 0.566602 0
    0.98913 0.433398 0
    0.989131 0.566601 0
    0.98913 0.433398 0
    0.221477 0.55392 0
    0.960426 0.352483 0
    0.221477 0.55392 0
    0.192773 0.450417 0
    0.960426 0.647517 0
    0.221477 0.44608 0
    0.192773 0.549583 0
    0.221477 0.44608 0
    0.989131 0.566601 0
    0.221477 0.433398 0
    0.221477 0.566602 0
    0.221477 0.433398 0
    -0.74032 0.703102 0
    0.192773 0.450417 0
    0.192773 0.549583 0
    -0.74032 0.296897 0
    0.221477 0.566602 0
    -0.74032 0.433398 0
endnode
#Tile trimesh node
node trimesh Beams_A08
  parent nex01_b01_05
  position -2.48 2.48 1.6
  orientation  0.0 0.0 0.0  0.0
  wirecolor 0.894118 0.647059 0.839216 
  tilefade 0
  scale 1.0
  render 1
  Shadow 0
  beaming 0
  inheritcolor 0
  selfillumcolor 0.0 0.0 0.0 
  rotatetexture 0
  alpha 1.0
  transparencyhint 0
  center -0.6128 0.0 -0.0524979 
  ambient 1.0 1.0 1.0 
  diffuse 1.0 1.0 1.0 
  specular 0.0 0.0 0.0 
  shininess 13.0
  selfillumcolor 0.0 0.0 0.0 
  bitmap nex_ship001a
  verts 28
    -0.286488 0.159797 1.59882
    -0.165926 0.28036 1.59882
    -0.0687098 0.183143 1.59882
    -0.189271 0.0625808 1.59882
    0.134075 -0.0196412 -0.618896
    0.177015 -0.0625819 -1.59987
    0.274232 -0.159799 -1.59987
    0.0368579 0.0775754 -0.618896
    0.0564536 -0.183144 -1.59987
    0.013513 -0.140203 -0.618896
    0.15367 -0.28036 -1.59987
    -0.0837038 -0.0429866 -0.618896
    0.15367 -0.28036 -1.59987
    0.134075 -0.0196412 -0.618896
    0.274232 -0.159799 -1.59987
    0.013513 -0.140203 -0.618896
    0.0338126 0.0806207 0.361464
    -0.063404 0.177837 0.361464
    -0.0867493 -0.0399411 0.361464
    -0.183966 0.0572756 0.361464
    0.0338126 0.0806207 0.361464
    -0.0867493 -0.0399411 0.361464
    -0.0687098 0.183143 1.59882
    -0.165926 0.28036 1.59882
    -0.189271 0.0625808 1.59882
    -0.286488 0.159797 1.59882
    -0.0687098 0.183143 1.59882
    -0.189271 0.0625808 1.59882
  faces 20
    0 2 1  1  28 29 1  1
    3 2 0  1  3 2 0  1
    4 6 5  3  30 6 31  1
    4 5 7  3  32 5 33  1
    8 10 9  3  34 10 35  1
    11 8 9  3  36 8 37  1
    12 14 13  4  38 14 39  1
    15 12 13  4  40 12 41  1
    16 4 7  2  42 4 43  1
    16 7 17  2  44 7 45  1
    11 9 18  2  46 9 47  1
    19 11 18  2  48 11 49  1
    15 13 20  4  50 13 51  1
    21 15 20  4  52 15 53  1
    22 16 17  2  54 16 55  1
    22 17 23  2  22 17 23  1
    19 18 24  2  56 18 57  1
    25 19 24  2  25 19 24  1
    21 20 26  4  58 20 59  1
    27 21 26  4  27 21 26  1
  tverts 60
    0.566602 0.599598 0
    0.433399 0.599598 0
    0.433399 0.703102 0
    0.566602 0.703102 0
    0.01087 0.455986 0
    -0.74032 0.296897 0
    -0.76902 0.400401 0
    0.039574 0.352482 0
    -0.74032 0.703103 0
    0.01087 0.544014 0
    -0.76902 0.599599 0
    0.039574 0.647518 0
    -0.76902 0.566602 0
    0.01087 0.433399 0
    -0.76902 0.433399 0
    0.01087 0.566602 0
    0.778524 0.553919 0
    0.807228 0.450416 0
    0.778524 0.446081 0
    0.807228 0.549584 0
    0.778524 0.433399 0
    0.778524 0.566602 0
    1.74032 0.703102 0
    1.76902 0.599598 0
    1.74032 0.296898 0
    1.76902 0.400402 0
    1.74032 0.433399 0
    1.74032 0.566602 0
    0.566602 0.599598 0
    0.433399 0.703102 0
    0.01087 0.455986 0
    -0.74032 0.296897 0
    0.01087 0.455986 0
    0.039574 0.352482 0
    -0.74032 0.703103 0
    0.01087 0.544014 0
    0.039574 0.647518 0
    0.01087 0.544014 0
    -0.76902 0.566602 0
    0.01087 0.433399 0
    0.01087 0.566602 0
    0.01087 0.433399 0
    0.778524 0.553919 0
    0.039574 0.352482 0
    0.778524 0.553919 0
    0.807228 0.450416 0
    0.039574 0.647518 0
    0.778524 0.446081 0
    0.807228 0.549584 0
    0.778524 0.446081 0
    0.01087 0.566602 0
    0.778524 0.433399 0
    0.778524 0.566602 0
    0.778524 0.433399 0
    1.74032 0.703102 0
    0.807228 0.450416 0
    0.807228 0.549584 0
    1.74032 0.296898 0
    0.778524 0.566602 0
    1.74032 0.433399 0
endnode
#Tile trimesh node
node trimesh Beams_A09
  parent nex01_b01_05
  position -1.34 3.23 1.6
  orientation  0.0 0.0 0.0  0.0
  wirecolor 0.894118 0.647059 0.839216 
  tilefade 0
  scale 1.0
  render 1
  Shadow 0
  beaming 0
  inheritcolor 0
  selfillumcolor 0.0 0.0 0.0 
  rotatetexture 0
  alpha 1.0
  transparencyhint 0
  center 0.4194 0.193049 -0.0524979 
  ambient 1.0 1.0 1.0 
  diffuse 1.0 1.0 1.0 
  specular 0.0 0.0 0.0 
  shininess 13.0
  selfillumcolor 0.0 0.0 0.0 
  bitmap nex_ship001a
  verts 28
    -0.193673 0.256853 1.59882
    -0.0361514 0.322101 1.59882
    0.0164618 0.195082 1.59882
    -0.14106 0.129834 1.59882
    0.126208 -0.0698685 -0.618896
    0.149447 -0.125973 -1.59987
    0.202061 -0.252993 -1.59987
    0.0735947 0.0571511 -0.618896
    -0.00807409 -0.191221 -1.59987
    -0.0313134 -0.135116 -0.618896
    0.044539 -0.31824 -1.59987
    -0.0839269 -0.0080967 -0.618896
    0.044539 -0.31824 -1.59987
    0.126208 -0.0698685 -0.618896
    0.202061 -0.252993 -1.59987
    -0.0313134 -0.135116 -0.618896
    0.0719466 0.0611299 0.361464
    0.0193333 0.188149 0.361464
    -0.0855751 -0.0041176 0.361464
    -0.138188 0.122902 0.361464
    0.0719466 0.0611299 0.361464
    -0.0855751 -0.0041176 0.361464
    0.0164618 0.195082 1.59882
    -0.0361514 0.322101 1.59882
    -0.14106 0.129834 1.59882
    -0.193673 0.256853 1.59882
    0.0164618 0.195082 1.59882
    -0.14106 0.129834 1.59882
  faces 20
    0 2 1  1  28 29 1  1
    3 2 0  1  3 2 0  1
    4 6 5  3  30 6 31  1
    4 5 7  3  32 5 33  1
    8 10 9  3  34 10 35  1
    11 8 9  3  36 8 37  1
    12 14 13  4  38 14 39  1
    15 12 13  4  40 12 41  1
    16 4 7  2  42 4 43  1
    16 7 17  2  44 7 45  1
    11 9 18  2  46 9 47  1
    19 11 18  2  48 11 49  1
    15 13 20  4  50 13 51  1
    21 15 20  4  52 15 53  1
    22 16 17  2  54 16 55  1
    22 17 23  2  22 17 23  1
    19 18 24  2  56 18 57  1
    25 19 24  2  25 19 24  1
    21 20 26  4  58 20 59  1
    27 21 26  4  27 21 26  1
  tverts 60
    0.566602 0.599598 0
    0.433399 0.599598 0
    0.433399 0.703102 0
    0.566602 0.703102 0
    0.01087 0.455986 0
    -0.74032 0.296897 0
    -0.76902 0.400401 0
    0.039574 0.352482 0
    -0.74032 0.703103 0
    0.01087 0.544014 0
    -0.76902 0.599599 0
    0.039574 0.647518 0
    -0.76902 0.566602 0
    0.01087 0.433399 0
    -0.76902 0.433399 0
    0.01087 0.566602 0
    0.778524 0.553919 0
    0.807228 0.450416 0
    0.778524 0.446081 0
    0.807228 0.549584 0
    0.778524 0.433399 0
    0.778524 0.566602 0
    1.74032 0.703102 0
    1.76902 0.599598 0
    1.74032 0.296898 0
    1.76902 0.400402 0
    1.74032 0.433399 0
    1.74032 0.566602 0
    0.566602 0.599598 0
    0.433399 0.703102 0
    0.01087 0.455986 0
    -0.74032 0.296897 0
    0.01087 0.455986 0
    0.039574 0.352482 0
    -0.74032 0.703103 0
    0.01087 0.544014 0
    0.039574 0.647518 0
    0.01087 0.544014 0
    -0.76902 0.566602 0
    0.01087 0.433399 0
    0.01087 0.566602 0
    0.01087 0.433399 0
    0.778524 0.553919 0
    0.039574 0.352482 0
    0.778524 0.553919 0
    0.807228 0.450416 0
    0.039574 0.647518 0
    0.778524 0.446081 0
    0.807228 0.549584 0
    0.778524 0.446081 0
    0.01087 0.566602 0
    0.778524 0.433399 0
    0.778524 0.566602 0
    0.778524 0.433399 0
    1.74032 0.703102 0
    0.807228 0.450416 0
    0.807228 0.549584 0
    1.74032 0.296898 0
    0.778524 0.566602 0
    1.74032 0.433399 0
endnode
#Tile trimesh node
node trimesh Beams_A12
  parent nex01_b01_05
  position -3.23 -1.34 1.6
  orientation  0.0 0.0 0.0  0.0
  wirecolor 0.894118 0.647059 0.839216 
  tilefade 0
  scale 1.0
  render 1
  Shadow 0
  beaming 0
  inheritcolor 0
  selfillumcolor 0.0 0.0 0.0 
  rotatetexture 0
  alpha 1.0
  transparencyhint 0
  center -0.43315 -0.1601 0.0524979 
  ambient 1.0 1.0 1.0 
  diffuse 1.0 1.0 1.0 
  specular 0.0 0.0 0.0 
  shininess 13.0
  selfillumcolor 0.0 0.0 0.0 
  bitmap nex_ship001a
  verts 28
    -0.324502 -0.0419459 1.59987
    -0.259255 -0.199468 1.59987
    -0.132235 -0.146854 1.59987
    -0.197483 0.0106672 1.59987
    0.132715 -0.0371086 -0.617848
    0.18882 -0.0138694 -1.59882
    0.315839 0.038744 -1.59882
    0.00569533 -0.0897219 -0.617848
    0.123572 0.143652 -1.59882
    0.0674675 0.120413 -0.617848
    0.250592 0.196266 -1.59882
    -0.0595521 0.0677999 -0.617848
    0.250592 0.196266 -1.59882
    0.132715 -0.0371086 -0.617848
    0.315839 0.038744 -1.59882
    0.0674675 0.120413 -0.617848
    0.00171646 -0.0913699 0.362512
    -0.125303 -0.143983 0.362512
    -0.0635312 0.0661517 0.362512
    -0.190551 0.0135383 0.362512
    0.00171646 -0.0913699 0.362512
    -0.0635312 0.0661517 0.362512
    -0.132235 -0.146854 1.59987
    -0.259255 -0.199468 1.59987
    -0.197483 0.0106672 1.59987
    -0.324502 -0.0419459 1.59987
    -0.132235 -0.146854 1.59987
    -0.197483 0.0106672 1.59987
  faces 20
    2 0 1  1  28 29 1  1
    2 3 0  1  2 3 0  1
    6 4 5  3  6 30 31  1
    5 4 7  3  5 32 33  1
    10 8 9  3  10 34 35  1
    8 11 9  3  8 36 37  1
    14 12 13  4  14 38 39  1
    12 15 13  4  12 40 41  1
    4 16 7  2  4 42 43  1
    7 16 17  2  7 44 45  1
    9 11 18  2  9 46 47  1
    11 19 18  2  11 48 49  1
    13 15 20  4  13 50 51  1
    15 21 20  4  15 52 53  1
    16 22 17  2  16 54 55  1
    17 22 23  2  17 22 23  1
    18 19 24  2  18 56 57  1
    19 25 24  2  19 25 24  1
    20 21 26  4  20 58 59  1
    21 27 26  4  21 27 26  1
  tverts 60
    0.433398 0.599599 0
    0.566602 0.599599 0
    0.566602 0.703102 0
    0.433399 0.703103 0
